pie(18:33:30.1599,-10:30:59.669,0.00000',2.75000',345.08,525.08)
pie(18:33:37.0247,-10:37:17.143,0.00000',2.75000',165.08,345.08)
