pie(18:33:33.0617,-10:37:19.235,0.00000',2.74980',183.881,363.881)
pie(18:33:34.8204,-10:30:49.940,0.00000',2.74980',3.881,183.881)
