pie(18:33:36.8282,-10:37:16.591,0.00000',2.75000',165.587,345.587)
pie(18:33:30.1784,-10:30:57.638,0.00000',2.75000',345.587,525.587)
