pie(18:33:35.2054,-10:30:54.320,0.00000',2.75000',7.247,187.247)
pie(18:33:31.8445,-10:37:22.339,0.00000',2.75000',187.247,367.247)
