pie(18:33:33.6612,-10:30:53.004,0.00000',2.75000',0.161,180.161)
pie(18:33:33.5182,-10:37:23.132,0.00000',2.75000',180.161,360.161)
