pie(18:33:35.2822,-10:24:21.533,0.00000',2.74981',182.469,362.469)
pie(18:33:34.2833,-10:30:50.584,0.00000',2.74981',2.469,182.469)
