pie(18:33:34.8544,-10:30:54.624,0.00000',2.75000',5.398,185.398)
pie(18:33:32.3517,-10:37:22.643,0.00000',2.75000',185.398,365.398)
