pie(18:33:36.6120,-10:37:17.490,0.00000',2.75000',166.614,346.614)
pie(18:33:30.4625,-10:30:57.906,0.00000',2.75000',346.614,526.614)
