pie(18:33:28.9208,-10:37:08.569,0.00000',2.75000',200.744,380.744)
pie(18:33:38.2880,-10:31:04.800,0.00000',2.75000',20.744,200.744)
