pie(18:33:32.6802,-10:37:23.659,0.00000',2.75000',183.696,363.696)
pie(18:33:34.3963,-10:30:49.314,0.00000',2.75000',3.696,183.696)
