pie(18:33:27.1887,-10:30:31.026,0.00000',2.75000',340.343,520.343)
pie(18:33:39.4881,-10:38:52.920,0.00000',2.75000',160.343,340.343)
