pie(18:33:31.3990,-10:30:56.588,0.00000',2.75000',350.318,530.318)
pie(18:33:35.8325,-10:37:20.389,0.00000',2.75000',170.318,350.318)
