pie(18:33:32.8999,-10:36:54.576,0.00000',2.74991',182.74,362.74)
pie(18:33:31.8971,-10:42:27.748,0.00000',2.74991',2.74,182.74)
