pie(18:33:28.8019,-10:31:05.858,0.00000',2.75000',338.825,518.825)
pie(18:33:38.4077,-10:37:10.328,0.00000',2.75000',158.825,338.825)
