pie(18:33:35.8807,-10:37:18.743,0.00000',2.74981',171.098,351.098)
pie(18:33:39.3193,-10:42:48.735,0.00000',2.74981',351.098,531.098)
