pie(18:33:32.6941,-10:37:30.156,0.00000',2.74978',183.377,363.377)
pie(18:33:34.2644,-10:31:00.055,0.00000',2.74978',3.377,183.377)
