pie(18:33:35.0745,-10:30:55.719,0.00000',2.74980',6.941,186.941)
pie(18:33:31.9337,-10:37:22.664,0.00000',2.74980',186.941,366.941)
