pie(18:33:35.1793,-10:30:43.295,0.00000',2.74980',7.701,187.701)
pie(18:33:31.5985,-10:37:11.273,0.00000',2.74980',187.701,367.701)
