pie(18:33:32.9574,-10:37:24.916,0.00000',2.75000',182.553,362.553)
pie(18:33:34.1014,-10:30:51.625,0.00000',2.75000',2.553,182.553)
