pie(18:33:33.8000,-10:30:53.214,0.00000',2.75000',1.048,181.048)
pie(18:33:33.3709,-10:37:23.342,0.00000',2.75000',181.048,361.048)
