pie(18:33:33.3884,-10:37:22.680,0.00000',2.75000',180.524,360.524)
pie(18:33:33.6744,-10:30:52.552,0.00000',2.75000',0.524,180.524)
