pie(18:33:33.3076,-10:30:53.351,0.00000',2.75000',358.959,538.959)
pie(18:33:33.8082,-10:37:23.479,0.00000',2.75000',178.959,358.959)
