pie(18:33:28.9535,-10:31:05.244,0.00000',2.75000',339.38,519.38)
pie(18:33:38.2500,-10:37:10.063,0.00000',2.75000',159.38,339.38)
